Swarm  Glowworm   Coordinates                                             RecID  LigID  Luciferin  Neigh   VR     RMSD    PDB             Clashes  Scoring
    5     19         (6.495, 8.434, 17.878, 0.027, -0.185, -0.886, 0.425)      0      0     9.71546     0   4.200   -1.000 lightdock_19.pdb      0    6.496
    3      9     (9.547, -14.589, -11.275, -0.162, -0.045, -0.902, 0.398)      0      0     8.34629     0   4.200   -1.000  lightdock_9.pdb      0    5.578
    1     19        (-6.170, 21.164, 8.320, -0.394, -0.843, 0.324, 0.168)      0      0     7.09037     0   4.200   -1.000 lightdock_19.pdb      0    4.735
    2      4     (-7.923, 11.649, -17.935, -0.323, -0.646, 0.690, -0.050)      0      0     7.04822     0   4.200   -1.000  lightdock_4.pdb      0    4.707
    4     12        (24.737, -9.514, 6.175, -0.412, 0.536, 0.122, -0.727)      0      0     3.56822     0   4.200   -1.000 lightdock_12.pdb      0    2.373
    3      4         (2.434, -18.917, -9.915, 0.067, 0.322, 0.665, 0.671)      0      0     1.93119     0   4.200   -1.000  lightdock_4.pdb      0    1.275
    7      7          (18.653, 9.368, -3.684, 0.690, 0.407, 0.574, 0.168)      0      0     1.25027     0   4.200   -1.000  lightdock_7.pdb      0    0.818
    7     13          (18.984, 9.408, -3.586, 0.694, 0.406, 0.569, 0.175)      0      0    -0.41099     1   3.720   -1.000 lightdock_13.pdb      0    0.566
    3     15       (3.011, -14.410, -14.823, 0.135, 0.915, 0.375, -0.055)      0      0    -1.59717     0   4.200   -1.000 lightdock_15.pdb      0   -1.092
    4      1        (24.688, -9.824, 5.479, -0.393, 0.478, 0.110, -0.778)      0      0    -2.27224     1   3.880   -1.000  lightdock_1.pdb      0   -0.398
    5      0         (8.236, 11.776, 12.467, 0.191, -0.483, 0.441, 0.732)      0      0    -2.33707     0   4.200   -1.000  lightdock_0.pdb      0   -1.588
    7      8       (13.535, 9.629, -15.482, -0.834, 0.476, -0.139, 0.243)      0      0    -3.90472     0   4.200   -1.000  lightdock_8.pdb      0   -2.639
    5     16        (4.015, -0.510, 19.973, 0.335, -0.890, -0.162, 0.265)      0      0    -4.34238     0   4.200   -1.000 lightdock_16.pdb      0   -2.933
    4     16       (20.463, -5.230, 0.824, -0.419, -0.656, 0.005, -0.628)      0      0    -4.60365     0   4.200   -1.000 lightdock_16.pdb      0   -3.108
    6      4      (-0.960, -17.590, 9.843, -0.618, 0.313, -0.711, -0.121)      0      0    -5.87899     0   4.200   -1.000  lightdock_4.pdb      0   -3.963
    6     19      (1.662, -19.380, 2.741, -0.419, -0.504, -0.002, -0.755)      0      0    -8.14254     0   4.200   -1.000 lightdock_19.pdb      0   -5.482
    4      2        (20.502, -2.795, 10.586, 0.271, -0.588, 0.481, 0.591)      0      0    -8.33167     0   4.200   -1.000  lightdock_2.pdb      0   -5.609
    1      9        (-6.928, 15.255, 12.279, 0.604, 0.745, -0.271, 0.075)      0      0    -8.70624     0   4.200   -1.000  lightdock_9.pdb      0   -5.860
    2     14     (-4.150, 10.337, -18.317, 0.627, -0.146, -0.273, -0.714)      0      0    -9.58062     0   4.200   -1.000 lightdock_14.pdb      0   -6.446
    5     15          (4.729, 3.373, 19.200, 0.243, 0.643, -0.569, 0.451)      0      0    -9.63473     0   4.200   -1.000 lightdock_15.pdb      0   -6.483
    5      8        (8.228, 5.425, 15.336, -0.656, -0.036, -0.173, 0.734)      0      0   -11.47727     0   4.200   -1.000  lightdock_8.pdb      0   -7.718
    5      3         (8.682, 5.048, 15.575, -0.643, 0.013, -0.198, 0.740)      0      0   -12.78193     1   3.880   -1.000  lightdock_3.pdb      0   -7.313
    3     18         (1.631, -17.868, -9.785, 0.164, 0.555, 0.468, 0.668)      0      0   -13.96656     1   4.040   -1.000 lightdock_18.pdb      0   -9.755
    4      0        (20.525, -2.800, 10.454, 0.256, -0.559, 0.498, 0.612)      0      0   -15.93777     1   3.800   -1.000  lightdock_0.pdb      0   -9.042
    1     15        (-5.568, 18.560, 3.355, 0.106, -0.125, 0.161, -0.973)      0      0   -16.83576     0   4.200   -1.000 lightdock_15.pdb      0  -11.312
    6     17      (-1.006, -17.117, 9.771, -0.621, 0.334, -0.703, -0.095)      0      0   -19.16202     1   3.800   -1.000 lightdock_17.pdb      0   -8.527
    4     18       (14.256, -12.007, 7.589, -0.211, 0.198, -0.806, 0.516)      0      0   -19.31016     0   4.200   -1.000 lightdock_18.pdb      0  -12.972
    3     12      (7.161, -10.266, -14.385, 0.355, -0.149, -0.665, 0.640)      0      0   -19.72692     0   4.200   -1.000 lightdock_12.pdb      0  -13.252
    3      6    (-1.538, -16.625, -11.712, -0.317, -0.448, 0.244, -0.799)      0      0   -20.26145     0   4.200   -1.000  lightdock_6.pdb      0  -13.610
    1     16      (-3.536, 15.219, -5.571, -0.075, 0.737, -0.662, -0.115)      0      0   -22.64206     0   4.200   -1.000 lightdock_16.pdb      0  -15.207
    2      2       (-16.519, 8.007, -8.139, 0.036, 0.258, -0.860, -0.438)      0      0   -23.64257     0   4.200   -1.000  lightdock_2.pdb      0  -15.878
    5     13          (5.985, 2.382, 17.515, 0.289, 0.878, -0.348, 0.159)      0      0   -24.52044     1   4.120   -1.000 lightdock_13.pdb      0  -16.467
    1      2           (1.287, 17.944, 1.299, 0.335, 0.189, 0.590, 0.710)      0      0   -25.01095     0   4.200   -1.000  lightdock_2.pdb      0  -16.796
    2     19      (-12.729, 2.337, -16.420, 0.635, 0.482, -0.534, -0.282)      0      0   -25.35453     0   4.200   -1.000 lightdock_19.pdb      0  -17.026
    4      8      (17.134, -8.126, 1.233, -0.540, -0.521, -0.343, -0.565)      0      0   -25.63923     0   4.200   -1.000  lightdock_8.pdb      0  -17.217
    3     11        (1.038, -15.768, -9.500, 0.283, 0.793, -0.001, 0.540)      0      0   -26.05280     1   3.880   -1.000 lightdock_11.pdb      0  -14.391
    1      7           (2.013, 17.166, 2.191, 0.379, 0.155, 0.577, 0.707)      0      0   -30.72004     1   3.880   -1.000  lightdock_7.pdb      0  -21.972
    3      2        (0.476, -15.622, -3.860, 0.881, 0.066, -0.225, 0.410)      0      0   -36.77330     0   4.200   -1.000  lightdock_2.pdb      0  -24.685
    7      1        (14.373, 6.992, -5.520, -0.676, 0.375, -0.524, 0.358)      0      0   -37.35562     0   4.200   -1.000  lightdock_1.pdb      0  -25.076
    4     19         (18.681, -1.613, 0.327, 0.348, -0.470, 0.811, 0.033)      0      0   -37.48875     0   4.200   -1.000 lightdock_19.pdb      0  -25.165
    1     13       (-1.053, 11.394, 12.420, -0.740, 0.591, 0.318, -0.042)      0      0   -37.63162     0   3.960   -1.000 lightdock_13.pdb      0  -24.392
    4      7        (18.185, 2.433, -0.632, -0.429, -0.467, 0.743, 0.213)      0      0   -37.64698     0   4.200   -1.000  lightdock_7.pdb      0  -25.271
    7     11       (9.370, 14.247, -4.544, -0.044, 0.756, -0.602, -0.255)      0      0   -38.23647     0   4.200   -1.000 lightdock_11.pdb      0  -25.666
    2     11       (-14.741, 8.245, -6.462, 0.219, 0.015, -0.845, -0.488)      0      0   -39.24919     1   4.120   -1.000 lightdock_11.pdb      0  -26.346
    3      7       (7.347, -14.652, -7.518, 0.602, -0.570, -0.290, 0.479)      0      0   -39.31871     0   4.200   -1.000  lightdock_7.pdb      0  -26.392
    2     12      (-13.306, 13.038, -5.260, 0.828, -0.512, 0.135, -0.183)      0      0   -41.05703     0   4.200   -1.000 lightdock_12.pdb      0  -27.558
    5      2         (7.488, -5.350, 13.103, -0.549, 0.143, 0.809, 0.153)      0      0   -41.22863     0   4.200   -1.000  lightdock_2.pdb      0  -27.673
    1      4       (-1.061, 11.436, 12.583, -0.736, 0.598, 0.314, -0.043)      0      0   -41.29424     1   3.880   -1.000  lightdock_4.pdb      0  -27.199
    2      7         (-14.019, 3.355, -8.922, 0.795, 0.412, 0.067, 0.440)      0      0   -41.70915     0   4.200   -1.000  lightdock_7.pdb      0  -27.996
    6     18       (2.902, -10.695, 12.971, 0.862, 0.211, -0.245, -0.391)      0      0   -42.23868     0   4.200   -1.000 lightdock_18.pdb      0  -28.351
    7     19        (14.351, 7.006, -5.522, -0.687, 0.333, -0.541, 0.352)      0      0   -43.24955     1   3.880   -1.000 lightdock_19.pdb      0  -26.815
    7     17       (4.834, 11.024, -10.940, -0.015, 0.075, 0.370, -0.926)      0      0   -43.88893     0   4.200   -1.000 lightdock_17.pdb      0  -29.458
    7      0         (9.894, 0.728, -11.940, 0.370, 0.871, -0.265, 0.186)      0      0   -43.92342     0   4.200   -1.000  lightdock_0.pdb      0  -29.481
    0      4       (-14.592, -1.860, 2.906, -0.785, 0.187, 0.553, -0.209)      0      0   -45.51956     0   4.200   -1.000  lightdock_4.pdb      0  -30.551
    2      6         (0.766, 6.835, -15.092, 0.656, -0.166, 0.375, 0.634)      0      0   -45.81714     0   4.200   -1.000  lightdock_6.pdb      0  -30.751
    0     12       (-14.853, -1.891, 3.159, -0.795, 0.178, 0.545, -0.197)      0      0   -46.92248     1   3.560   -1.000 lightdock_12.pdb      0  -29.103
    6     10        (7.073, -11.436, 9.287, 0.593, -0.157, 0.359, -0.703)      0      0   -47.21467     0   4.200   -1.000 lightdock_10.pdb      0  -31.688
    7      2        (12.626, 7.063, -8.234, -0.874, 0.333, -0.207, 0.287)      0      0   -51.84503     1   3.960   -1.000  lightdock_2.pdb      0  -26.941
    4     15           (17.352, 4.546, 6.322, 0.821, 0.296, 0.482, 0.075)      0      0   -51.89190     0   4.200   -1.000 lightdock_15.pdb      0  -34.825
    1      5      (-1.926, 14.903, -5.617, -0.321, 0.907, -0.264, -0.060)      0      0   -52.23556     1   4.120   -1.000  lightdock_5.pdb      0  -35.056
    1      6      (-1.487, 14.941, -5.389, 0.485, -0.851, -0.200, -0.014)      0      0   -52.50576     1   3.720   -1.000  lightdock_6.pdb      0  -34.680
    7      9        (14.162, 5.897, -6.071, -0.654, 0.307, -0.582, 0.373)      0      0   -52.52266     3   3.640   -1.000  lightdock_9.pdb      0  -28.687
    4      5        (18.386, 5.184, 2.752, -0.334, -0.434, -0.773, 0.319)      0      0   -52.76706     0   4.200   -1.000  lightdock_5.pdb      0  -35.412
    3     13     (-3.493, -12.217, -8.815, 0.013, -0.706, -0.466, -0.534)      0      0   -53.31052     0   4.200   -1.000 lightdock_13.pdb      0  -35.777
    6     11        (7.087, -11.489, 9.340, 0.594, -0.162, 0.358, -0.702)      0      0   -53.71999     1   3.560   -1.000 lightdock_11.pdb      0  -33.367
    0     11        (-10.547, -6.394, 9.273, -0.869, 0.022, 0.435, 0.234)      0      0   -55.30779     0   4.200   -1.000 lightdock_11.pdb      0  -37.116
    0     18       (-11.877, -7.619, 5.159, -0.126, -0.426, 0.188, 0.876)      0      0   -56.79601     0   4.200   -1.000 lightdock_18.pdb      0  -38.115
    4     17        (13.588, -1.149, 8.819, -0.364, 0.134, -0.800, 0.458)      0      0   -57.13824     0   4.200   -1.000 lightdock_17.pdb      0  -38.344
    2     15         (0.292, 7.530, -14.535, 0.640, -0.199, 0.368, 0.645)      0      0   -57.20022     1   3.880   -1.000 lightdock_15.pdb      0  -35.930
    1      0       (-6.705, 13.767, 0.459, 0.191, -0.616, -0.571, -0.508)      0      0   -59.60248     0   4.200   -1.000  lightdock_0.pdb      0  -39.997
    4      4        (14.292, -3.634, -5.707, 0.148, 0.708, 0.198, -0.661)      0      0   -62.11799     0   4.200   -1.000  lightdock_4.pdb      0  -41.684
    0     14       (-13.786, -0.467, 2.677, -0.805, 0.209, 0.516, -0.206)      0      0   -63.00160     2   3.560   -1.000 lightdock_14.pdb      0  -36.320
    4     11        (12.775, -1.228, 6.510, -0.528, 0.076, -0.749, 0.393)      0      0   -64.65346     1   4.040   -1.000 lightdock_11.pdb      0  -46.486
    4     10         (15.968, 2.701, 0.004, -0.092, -0.391, 0.904, 0.150)      0      0   -66.08548     1   4.120   -1.000 lightdock_10.pdb      0  -44.345
    7      4        (5.761, 10.900, -6.223, 0.540, -0.832, 0.097, -0.076)      0      0   -66.69425     0   4.200   -1.000  lightdock_4.pdb      0  -44.754
    1     14       (-9.086, 13.148, -3.268, -0.632, -0.059, 0.076, 0.769)      0      0   -67.23538     0   4.200   -1.000 lightdock_14.pdb      0  -45.117
    3     17       (8.138, -4.953, -9.353, 0.071, -0.848, -0.366, -0.376)      0      0   -68.21785     0   4.200   -1.000 lightdock_17.pdb      0  -45.776
    3      8       (7.894, -9.931, -10.870, -0.489, 0.456, -0.485, 0.564)      0      0   -68.38938     1   4.120   -1.000  lightdock_8.pdb      0  -45.891
    2      8       (-7.952, 8.414, -8.410, -0.364, -0.396, 0.204, -0.818)      0      0   -68.45129     0   4.200   -1.000  lightdock_8.pdb      0  -45.932
    6     12     (-3.849, -6.186, 11.862, -0.454, -0.246, -0.813, -0.267)      0      0   -68.84074     0   4.200   -1.000 lightdock_12.pdb      0  -46.193
    0     15        (-10.554, -5.814, 9.302, -0.857, 0.038, 0.445, 0.258)      0      0   -69.47523     1   3.800   -1.000 lightdock_15.pdb      0  -42.487
    4      9          (10.541, -8.849, 7.689, 0.486, 0.634, 0.595, 0.083)      0      0   -70.79375     0   4.200   -1.000  lightdock_9.pdb      0  -47.503
    1     10          (1.573, 16.084, 0.873, 0.475, -0.210, 0.483, 0.705)      0      0   -70.98359     2   3.960   -1.000 lightdock_10.pdb      0  -34.675
    4     14      (13.656, -7.626, 4.802, -0.012, -0.475, -0.261, -0.841)      0      0   -72.03808     1   4.120   -1.000 lightdock_14.pdb      0  -48.338
    1     11          (-2.373, 13.524, 3.964, 0.338, 0.728, 0.442, 0.400)      0      0   -72.60785     0   4.200   -1.000 lightdock_11.pdb      0  -48.720
    2      3        (-11.878, 0.456, -7.533, 0.039, 0.162, 0.777, -0.608)      0      0   -73.24496     0   4.200   -1.000  lightdock_3.pdb      0  -49.147
    6      8      (-6.123, -12.359, 2.933, -0.861, -0.141, -0.170, 0.457)      0      0   -75.34989     0   4.200   -1.000  lightdock_8.pdb      0  -50.559
    3      5      (10.537, -9.935, -3.862, -0.710, -0.305, 0.210, -0.599)      0      0   -78.42103     0   4.200   -1.000  lightdock_5.pdb      0  -52.619
    0      2      (-4.366, -10.865, 4.771, -0.274, -0.810, -0.467, 0.223)      0      0   -78.50415     0   4.200   -1.000  lightdock_2.pdb      0  -52.675
    3     10       (5.963, -11.974, 0.494, -0.819, -0.488, 0.133, -0.271)      0      0   -80.79287     0   4.200   -1.000 lightdock_10.pdb      0  -54.210
    3      1        (7.417, -12.110, 0.055, -0.920, -0.100, 0.232, 0.300)      0      0   -81.68009     1   4.120   -1.000  lightdock_1.pdb      0  -54.805
    7     14        (7.732, 13.051, 0.216, -0.333, -0.108, 0.929, -0.121)      0      0   -82.02055     0   4.200   -1.000 lightdock_14.pdb      0  -55.033
    0     19        (-11.784, -8.170, 2.293, 0.130, -0.836, 0.076, 0.528)      0      0   -82.72094     1   4.120   -1.000 lightdock_19.pdb      0  -55.503
    6      9        (9.077, -5.361, 7.419, 0.593, -0.241, -0.727, -0.248)      0      0   -82.90296     0   4.200   -1.000  lightdock_9.pdb      0  -55.625
    6      7         (6.306, -13.072, 2.258, -0.514, 0.547, 0.645, 0.144)      0      0   -84.01790     0   4.200   -1.000  lightdock_7.pdb      0  -56.373
    1      1        (-0.512, 13.300, -1.145, 0.286, -0.583, 0.448, 0.614)      0      0   -84.18956     1   4.120   -1.000  lightdock_1.pdb      0  -56.488
    0      5       (-7.383, -9.956, -5.621, -0.302, 0.611, -0.556, 0.476)      0      0   -84.37768     0   4.200   -1.000  lightdock_5.pdb      0  -56.614
    0     17        (-10.050, 2.033, 6.956, 0.147, -0.623, -0.337, 0.690)      0      0   -85.14820     0   4.200   -1.000 lightdock_17.pdb      0  -57.131
    2     18        (-8.993, 9.198, -3.203, 0.246, -0.202, 0.786, -0.531)      0      0   -85.60585     0   4.200   -1.000 lightdock_18.pdb      0  -57.438
    1     18           (-9.455, 7.290, 7.841, 0.592, 0.222, 0.501, 0.591)      0      0   -86.09655     0   4.200   -1.000 lightdock_18.pdb      0  -57.767
    0      9        (-8.085, -3.112, 8.756, -0.648, -0.017, 0.729, 0.219)      0      0   -86.43235     1   4.040   -1.000  lightdock_9.pdb      0  -61.849
    0     16        (-7.054, -9.136, 2.608, -0.357, -0.007, 0.301, 0.884)      0      0   -86.58925     0   4.200   -1.000 lightdock_16.pdb      0  -58.098
    4     13       (12.656, -2.646, 5.215, -0.579, 0.239, -0.734, -0.262)      0      0   -86.63421     1   4.120   -1.000 lightdock_13.pdb      0  -58.128
    7     15        (3.394, 6.119, -12.002, 0.661, -0.336, 0.631, -0.227)      0      0   -87.34094     0   4.200   -1.000 lightdock_15.pdb      0  -58.602
    2      1      (-1.744, -0.290, -12.430, 0.526, 0.797, -0.282, -0.094)      0      0   -88.48746     0   4.200   -1.000  lightdock_1.pdb      0  -59.371
    3      3         (4.964, 0.272, -9.886, 0.248, -0.028, -0.921, 0.299)      0      0   -90.45675     0   4.200   -1.000  lightdock_3.pdb      0  -60.692
    5      1          (-4.041, 6.267, 10.997, 0.597, 0.491, 0.565, 0.289)      0      0   -90.67952     0   4.200   -1.000  lightdock_1.pdb      0  -60.841
    5     18           (2.797, 8.106, 9.449, -0.550, 0.101, 0.812, 0.164)      0      0   -90.76395     0   4.200   -1.000 lightdock_18.pdb      0  -60.898
    2     16       (-4.427, 6.984, -11.552, 0.665, -0.178, -0.642, 0.336)      0      0   -90.97871     0   4.200   -1.000 lightdock_16.pdb      0  -61.042
    4      3       (12.655, -0.595, 4.426, -0.821, -0.045, -0.565, 0.062)      0      0   -92.02331     1   3.960   -1.000  lightdock_3.pdb      0  -53.616
    2     17      (-1.539, -0.453, -12.619, 0.526, 0.798, -0.280, -0.095)      0      0   -92.20504     1   3.560   -1.000 lightdock_17.pdb      0  -59.748
    5     11          (-3.793, 5.747, 10.797, 0.583, 0.617, 0.453, 0.273)      0      0   -92.70351     1   3.960   -1.000 lightdock_11.pdb      0  -61.014
    6      5        (-0.616, -6.323, 9.179, -0.126, -0.135, 0.979, 0.090)      0      0   -92.82813     0   4.200   -1.000  lightdock_5.pdb      0  -62.282
    7      5        (5.619, 10.538, -5.551, 0.587, -0.807, 0.039, -0.044)      0      0   -98.50421     1   3.880   -1.000  lightdock_5.pdb      0  -64.763
    2      0      (-1.728, -0.278, -12.526, 0.520, 0.804, -0.269, -0.103)      0      0  -100.47530     2   3.240   -1.000  lightdock_0.pdb      0  -62.810
    4      6       (11.646, -4.724, 4.817, -0.224, 0.447, -0.592, -0.632)      0      0  -101.32698     1   3.960   -1.000  lightdock_6.pdb      0  -56.848
    6      2          (1.424, -8.763, 11.317, 0.894, 0.383, 0.225, 0.060)      0      0  -101.39143     2   4.040   -1.000  lightdock_2.pdb      0  -68.026
    0      8         (-6.703, -9.134, 2.733, -0.314, 0.001, 0.304, 0.900)      0      0  -101.44479     1   3.720   -1.000  lightdock_8.pdb      0  -61.693
    2      5      (-8.623, 5.912, -4.406, -0.259, -0.456, -0.244, -0.815)      0      0  -102.12766     0   4.200   -1.000  lightdock_5.pdb      0  -68.520
    7     12         (6.092, 4.565, -9.974, -0.021, 0.853, 0.001, -0.521)      0      0  -102.43593     0   4.200   -1.000 lightdock_12.pdb      0  -68.726
    6      0         (5.783, -11.959, 0.575, -0.250, 0.784, 0.566, 0.051)      0      0  -103.31013     1   4.040   -1.000  lightdock_0.pdb      0  -76.601
    1      8       (-0.624, 12.579, -1.416, 0.018, 0.549, -0.581, -0.601)      0      0  -106.56495     1   3.800   -1.000  lightdock_8.pdb      0  -58.982
    3     19      (2.538, -0.722, -11.983, -0.259, -0.071, -0.476, 0.838)      0      0  -109.23923     0   4.200   -1.000 lightdock_19.pdb      0  -73.289
    2     13      (-8.990, 6.995, -5.150, -0.366, -0.502, -0.673, -0.400)      0      0  -113.27430     2   3.800   -1.000 lightdock_13.pdb      0  -65.929
    6     14         (0.472, -10.885, 2.188, -0.695, 0.719, 0.003, 0.026)      0      0  -114.52259     0   4.200   -1.000 lightdock_14.pdb      0  -76.833
    7     10     (10.131, -1.507, -2.697, -0.423, -0.263, -0.856, -0.136)      0      0  -115.27110     0   4.200   -1.000 lightdock_10.pdb      0  -77.335
    0      7       (-7.653, -1.670, -8.031, 0.720, -0.452, 0.333, -0.409)      0      0  -116.79210     0   4.200   -1.000  lightdock_7.pdb      0  -78.355
    3     16       (10.061, -1.970, -5.665, -0.440, -0.614, 0.655, 0.023)      0      0  -117.32382     0   4.200   -1.000 lightdock_16.pdb      0  -78.712
    5      6         (4.792, 5.207, 10.391, 0.211, -0.691, 0.175, -0.669)      0      0  -118.22223     0   4.200   -1.000  lightdock_6.pdb      0  -79.315
    2     10      (-2.209, 10.244, -5.295, -0.753, 0.303, -0.085, -0.578)      0      0  -118.93323     0   4.200   -1.000 lightdock_10.pdb      0  -79.791
    7     16         (13.027, 4.948, -1.287, -0.671, 0.499, 0.500, 0.227)      0      0  -119.83907     0   4.200   -1.000 lightdock_16.pdb      0  -80.399
    1      3        (-7.820, 6.885, 2.615, -0.275, -0.861, -0.065, 0.424)      0      0  -124.88716     0   4.200   -1.000  lightdock_3.pdb      0  -83.785
    7      3         (2.284, 3.159, -9.644, 0.594, -0.367, -0.368, 0.614)      0      0  -126.94294     0   4.200   -1.000  lightdock_3.pdb      0  -85.164
    2      9       (-9.186, -0.864, -7.276, 0.027, -0.134, 0.971, -0.198)      0      0  -127.83892     1   4.120   -1.000  lightdock_9.pdb      0  -85.765
    7     18           (10.430, 3.100, 1.188, 0.021, 0.225, 0.943, 0.246)      0      0  -127.95517     0   4.200   -1.000 lightdock_18.pdb      0  -85.843
    0      3         (-8.828, 2.007, 6.928, 0.097, -0.610, -0.408, 0.672)      0      0  -128.34781     1   3.880   -1.000  lightdock_3.pdb      0  -75.209
    0      0       (-9.197, -2.415, -6.377, 0.343, -0.524, 0.521, -0.580)      0      0  -131.68009     1   4.120   -1.000  lightdock_0.pdb      0  -88.341
    6      6          (8.761, -8.774, 2.038, 0.024, 0.668, -0.692, 0.272)      0      0  -132.60403     0   4.200   -1.000  lightdock_6.pdb      0  -88.961
    1     12          (0.888, 8.276, 4.701, -0.425, 0.137, -0.088, 0.890)      0      0  -132.99611     0   4.200   -1.000 lightdock_12.pdb      0  -89.224
    3     14       (4.662, -5.265, -7.079, -0.638, -0.114, 0.450, -0.614)      0      0  -134.54127     0   4.200   -1.000 lightdock_14.pdb      0  -90.260
    5     12        (1.766, -0.892, 9.674, -0.323, -0.770, 0.276, -0.476)      0      0  -135.44878     0   4.200   -1.000 lightdock_12.pdb      0  -90.869
    5      5        (1.861, -0.853, 9.667, -0.347, -0.816, 0.316, -0.339)      0      0  -137.07805     1   3.960   -1.000  lightdock_5.pdb      0  -80.310
    6     15          (0.100, -2.774, 9.654, 0.032, -0.087, 0.944, 0.316)      0      0  -137.26429     1   4.040   -1.000 lightdock_15.pdb      0  -89.064
    1     17          (3.573, 8.967, 0.803, -0.008, -0.597, 0.030, 0.802)      0      0  -138.83067     0   4.200   -1.000 lightdock_17.pdb      0  -93.137
    5      4          (0.316, 2.245, 7.891, -0.927, 0.140, -0.201, 0.286)      0      0  -139.41031     0   4.040   -1.000  lightdock_4.pdb      0  -90.813
    6     16         (6.187, -2.186, 6.605, -0.594, 0.229, 0.700, -0.324)      0      0  -140.46418     0   4.200   -1.000 lightdock_16.pdb      0  -94.233
    6      1          (1.935, -2.686, 6.649, 0.354, 0.016, -0.008, 0.935)      0      0  -140.76638     0   4.200   -1.000  lightdock_1.pdb      0  -94.435
    3      0         (-1.137, -5.287, -5.428, 0.163, 0.905, 0.366, 0.144)      0      0  -141.09915     0   4.200   -1.000  lightdock_0.pdb      0  -94.659
    5     14         (-0.003, 2.234, 7.804, -0.926, 0.108, -0.216, 0.289)      0      0  -141.37817     1   3.960   -1.000 lightdock_14.pdb      0  -92.942
    7      6          (5.914, 8.755, 0.723, 0.152, 0.982, -0.083, -0.073)      0      0  -142.44106     0   4.200   -1.000  lightdock_6.pdb      0  -95.559
    6      3          (1.887, -2.890, 6.966, 0.305, 0.051, -0.003, 0.951)      0      0  -147.16472     1   3.880   -1.000  lightdock_3.pdb      0  -97.206
    5     10         (3.912, 6.163, 6.610, 0.268, -0.582, -0.196, -0.742)      0      0  -149.94175     1   4.120   -1.000 lightdock_10.pdb      0 -100.590
    6     13      (-3.919, -6.701, 1.925, -0.094, -0.634, -0.766, -0.049)      0      0  -149.94660     0   4.200   -1.000 lightdock_13.pdb      0 -100.593
    0      6       (-8.833, -4.819, 0.590, -0.374, 0.208, -0.429, -0.796)      0      0  -150.44979     0   4.200   -1.000  lightdock_6.pdb      0 -100.930
    5      9          (3.870, 7.980, 3.322, -0.883, -0.373, 0.115, 0.261)      0      0  -178.83644     0   4.200   -1.000  lightdock_9.pdb      0 -119.970
    5     17         (4.373, 1.147, 4.327, -0.334, -0.064, -0.904, 0.260)      0      0  -182.15731     0   4.200   -1.000 lightdock_17.pdb      0 -122.197
    0      1       (-4.106, -4.566, 1.467, -0.359, -0.498, -0.736, 0.285)      0      0  -183.46365     0   4.200   -1.000  lightdock_1.pdb      0 -123.073
    0     13        (-6.086, -4.015, -1.049, 0.397, 0.449, -0.773, 0.205)      0      0  -186.75881     0   4.200   -1.000 lightdock_13.pdb      0 -125.284
    5      7         (3.355, -1.229, 4.532, 0.251, -0.152, -0.857, 0.424)      0      0  -202.17340     1   4.120   -1.000  lightdock_7.pdb      0 -135.622
    0     10        (-6.691, -3.509, -2.997, 0.809, 0.087, -0.473, 0.338)      0      0  -205.35882     1   4.120   -1.000 lightdock_10.pdb      0 -137.759
