-3.661688249 0.991504685 -9.908375417 0.512477944 -0.685873924 -0.318831680 0.406558332
-1.744305895 -0.290122195 -12.430379271 0.525598554 0.797079918 -0.282221694 -0.093598500
-16.518543855 8.007411617 -8.139003918 0.035584649 0.257849916 -0.860317250 -0.438293718
-11.877989364 0.456393433 -7.532746285 0.039016874 0.162052644 0.776569479 -0.607582478
-7.923062530 11.648915398 -17.934529158 -0.322703146 -0.646395040 0.689615617 -0.049663187
-8.623266574 5.912013443 -4.405789893 -0.259194958 -0.456451914 -0.244076827 -0.815411630
0.765619548 6.834859382 -15.091883232 0.655955460 -0.166220403 0.374823487 0.633719628
-14.019378532 3.354614979 -8.921972598 0.795044541 0.411959008 0.067424401 0.440054433
-7.951870839 8.414483018 -8.409691817 -0.363989084 -0.395945738 0.203901013 -0.818024020
-8.739197801 -1.083893347 -7.233698966 -0.006483566 0.390178363 -0.880550338 -0.268979386
-2.208993876 10.243774652 -5.295161225 -0.752923369 0.303390587 -0.085317408 -0.577738255
-14.379290349 8.292952131 -6.120241645 -0.381673351 0.229685224 0.748464692 0.491294978
-13.305550855 13.038283787 -5.259517341 0.828433219 -0.511888157 0.134702602 -0.183095946
-9.284792898 7.383970880 -6.179523095 -0.162784504 -0.713734815 -0.564556656 0.381260542
-4.149543302 10.337012209 -18.316994249 0.627443872 -0.145913533 -0.273033227 -0.714476232
-0.646357066 8.908048900 -13.430413673 -0.294476874 0.627699262 -0.205756099 -0.690609466
-4.427050010 6.983725029 -11.552460894 0.665459020 -0.178437031 -0.641949573 0.336489620
-2.811908309 0.554438578 -11.450287396 -0.406278059 -0.670745005 -0.408516506 0.467069097
-8.992653667 9.198097562 -3.203089734 0.245715605 -0.201501533 0.785804776 -0.530595729
-12.729326137 2.337226105 -16.420082070 0.634781489 0.481571171 -0.534468860 -0.281930321
