9.894075727 0.727537438 -11.940336716 0.369678194 0.870745838 -0.265438936 0.186230745
14.372652439 6.992255150 -5.519574712 -0.676110293 0.374564754 -0.524098952 0.357626068
12.084596020 7.085011213 -9.074784368 0.677803364 0.026347570 -0.726863132 0.107509964
2.283547821 3.159302490 -9.643797494 0.593810115 -0.367480712 -0.367858661 0.614025634
5.761205751 10.900445671 -6.223128949 0.540358118 -0.832390849 0.096749104 -0.076014406
5.252299379 9.603090404 -3.821510412 -0.678925786 -0.076413922 0.643600201 -0.344962999
5.913577601 8.755300304 0.722811722 0.152151936 0.982164501 -0.083306987 -0.072543972
18.653126031 9.367695500 -3.684490515 0.690000585 0.407467443 0.574025052 0.168418273
13.534681440 9.629173625 -15.481767243 -0.833510996 0.476458611 -0.139173188 0.242646728
13.504109001 4.282694803 -7.021443245 -0.059838508 0.133781198 0.856529713 -0.494852296
10.130711879 -1.506610637 -2.697164605 -0.423057601 -0.263106887 -0.856404614 -0.135529217
9.369731995 14.246782072 -4.544165415 -0.043618958 0.755800658 -0.601620808 -0.254784528
6.091649255 4.565014531 -9.973645142 -0.021216483 0.853187307 0.000761262 -0.521172429
18.032389948 9.293103343 -3.869590679 0.789434440 0.240452473 0.157729140 0.542307469
7.731787709 13.050871223 0.216360614 -0.332850106 -0.107680107 0.928968143 -0.120971031
3.393945491 6.118620099 -12.002037460 0.661470710 -0.336296783 0.630637412 -0.227282704
13.027031227 4.948008666 -1.286726399 -0.671218343 0.498520756 0.499506017 0.226796672
4.834353025 11.023545104 -10.939563877 -0.014503258 0.075390119 0.370061428 -0.925829642
10.429728693 3.099521580 1.187895047 0.020998549 0.225067626 0.942511724 0.246120446
16.040620967 5.960038132 -5.297810646 -0.671307901 -0.322782932 -0.642476085 0.179948220
