-9.521579305 -2.571512000 -6.029469633 -0.105840692 -0.484936911 0.599743027 -0.627648183
-4.106380095 -4.566147728 1.467493243 -0.358805949 -0.497777677 -0.736352110 0.285063581
-4.366353706 -10.864517957 4.771174333 -0.274174009 -0.810486598 -0.467085458 0.223094737
-6.828617258 1.963002204 6.881794162 -0.525762235 0.041557584 -0.845489079 -0.083637653
-14.591929149 -1.860448976 2.906082826 -0.784522688 0.186614122 0.553103631 -0.209226420
-7.383172042 -9.955678879 -5.620849281 -0.302466905 0.610810364 -0.555807916 0.475922296
-8.832709515 -4.819426120 0.589748720 -0.373520573 0.208313183 -0.428766625 -0.795768296
-7.652646610 -1.670364140 -8.030718113 0.719860526 -0.451506855 0.332746256 -0.408928249
-4.348652587 -9.118040906 3.574647963 -0.884285660 -0.155960722 -0.086700689 -0.431506796
-7.317610401 -2.499359668 8.575186821 -0.235809453 0.215334879 -0.938641307 0.130296927
-6.835239613 -3.388156183 -3.460332893 0.889813079 -0.311562613 0.020139766 0.332799960
-10.547235863 -6.393731814 9.273356179 -0.869407148 0.022254922 0.434764128 0.233700840
-13.421906435 -1.723764987 1.771287112 0.742795013 0.334868783 0.215401299 -0.538257139
-6.086059948 -4.015304419 -1.048676718 0.397215932 0.449457984 -0.773311905 0.205415973
-12.795867649 1.241119852 2.392845670 0.286303063 -0.735587259 -0.147552230 0.595961643
-10.582360502 -3.317630689 9.425523602 0.105666062 -0.420231451 -0.490731721 -0.755924989
-7.053515432 -9.135939672 2.607864207 -0.356668245 -0.006537492 0.301238881 0.884307730
-10.050480271 2.033330487 6.956148963 0.147393091 -0.623433551 -0.336685197 0.690107936
-11.876827063 -7.618720601 5.159160355 -0.125965963 -0.425589257 0.188167032 0.876127575
-11.767981401 -8.264021812 1.801877656 0.338396927 -0.938672708 -0.064540495 -0.014683068
