-1.137162941 -5.287018649 -5.428342704 0.163250566 0.904812604 0.365858055 0.144261178
7.894168900 -12.155119792 -0.088637758 -0.564142594 0.337431968 0.216998586 0.721660872
0.476450774 -15.621550090 -3.859956695 0.881457887 0.065748626 -0.224838503 0.410069213
4.964031254 0.272223792 -9.885979590 0.248339398 -0.027900355 -0.920891128 0.299179953
2.434177794 -18.917413709 -9.914507516 0.066761370 0.322471326 0.664677307 0.670640917
10.537276017 -9.935245298 -3.862037633 -0.709795588 -0.305420892 0.209898862 -0.599041542
-1.537842323 -16.624614787 -11.711577352 -0.317119355 -0.447961423 0.244201685 -0.799456950
7.347472344 -14.652285954 -7.517869925 0.601568199 -0.569831573 -0.289818397 0.478970748
7.727710599 -9.461592959 -10.829439651 0.542939101 -0.701802383 -0.202933374 -0.414135961
9.546825776 -14.589245190 -11.275264051 -0.161841991 -0.044850252 -0.901914497 0.397926958
5.963103660 -11.973865523 0.494496281 -0.819302814 -0.487753255 0.132542129 -0.270688467
0.895803345 -13.796046232 -9.221067548 0.042696533 0.065986046 -0.379917808 -0.921675272
7.160739004 -10.266031685 -14.384914768 0.354909844 -0.148547057 -0.664749384 0.640375695
-3.493315752 -12.217472930 -8.815332914 0.012805545 -0.705664316 -0.465735834 -0.533820216
4.661628383 -5.264516085 -7.078742358 -0.638429393 -0.113814152 0.450483505 -0.613611326
3.010517311 -14.409904460 -14.822845231 0.135038253 0.915424021 0.375151350 -0.054999971
10.061438562 -1.969673670 -5.665407414 -0.439988516 -0.613696495 0.655172153 0.023155298
8.138021812 -4.953361085 -9.352523888 0.071090906 -0.848123940 -0.366060980 -0.376339242
1.026400866 -17.077142707 -9.688003632 -0.324105655 -0.847885250 0.305885937 -0.287193178
2.538118595 -0.722453504 -11.983140526 -0.258670001 -0.071120840 -0.475710652 0.837693877
