20.783023990 -2.849966886 8.977035788 -0.280631193 0.532031380 0.508421932 0.616194680
24.558871603 -10.638300428 3.656757525 -0.099514740 0.522401349 0.096570915 0.841348742
20.502102522 -2.795475470 10.585691603 0.271159259 -0.587983912 0.480828710 0.591228659
12.791540076 0.057506394 3.085613591 0.410745523 0.038511919 0.076363023 0.907729936
14.291861895 -3.634115940 -5.706605409 0.147771963 0.708249598 0.198423678 -0.661191347
18.386307267 5.184313352 2.752136897 -0.334047353 -0.434018638 -0.773415510 0.319168664
10.856041982 -5.994502179 4.705006848 0.114390957 0.616862867 -0.700783815 0.339554057
18.184937280 2.433433499 -0.632381733 -0.428882974 -0.467210368 0.743096751 0.213497270
17.133965697 -8.126197484 1.233220347 -0.539970983 -0.521365740 -0.342804738 -0.564884072
10.541192150 -8.849377474 7.688798489 0.486470262 0.634432250 0.594887817 0.083371995
15.490909721 2.758891477 0.140560677 0.259232095 -0.256393445 0.928997062 0.063447471
12.442759875 -1.260664167 5.567596094 -0.882077711 -0.104451270 -0.443222398 0.120759060
24.736636511 -9.513641141 6.174998826 -0.412312548 0.535964852 0.121526609 -0.726616352
12.670171562 -3.077020389 4.961813530 -0.258784540 0.368329365 -0.508553905 -0.733987035
13.308901852 -7.576172805 5.158629973 -0.521078565 0.255126508 0.083998395 0.810143113
17.352454930 4.545746514 6.322262000 0.821326784 0.296068240 0.481839959 0.074807516
20.462979360 -5.229784914 0.823694488 -0.419452227 -0.655899687 0.005239969 -0.627557147
13.587516724 -1.148619418 8.819100095 -0.363950991 0.133842212 -0.799721654 0.458335263
14.256330158 -12.006768177 7.589232113 -0.210653818 0.197871526 -0.806073051 0.516447543
18.681101055 -1.612862809 0.326763253 0.348197274 -0.469602645 0.810628939 0.033357721
